276 1
1 14 20 1
1 31 20 1
2 15 1 1
2 15 2 1
2 15 3 1
2 15 4 1
2 15 5 1
2 15 6 1
2 15 7 1
2 15 8 1
2 15 9 1
2 15 10 1
2 15 11 1
2 15 12 1
2 15 13 1
2 15 14 1
2 15 15 1
2 15 16 1
2 15 17 1
2 15 18 1
2 15 19 1
2 15 20 1
2 15 21 1
2 15 22 1
2 15 23 1
2 15 24 1
2 15 25 1
2 15 26 1
2 15 27 1
2 15 28 1
2 15 29 1
2 15 30 1
2 15 31 1
2 15 32 1
2 15 33 1
2 15 34 1
2 15 35 1
2 15 36 1
2 15 37 1
2 15 38 1
2 15 39 1
2 30 1 1
2 30 2 1
2 30 3 1
2 30 4 1
2 30 5 1
2 30 6 1
2 30 7 1
2 30 8 1
2 30 9 1
2 30 10 1
2 30 11 1
2 30 12 1
2 30 13 1
2 30 14 1
2 30 15 1
2 30 16 1
2 30 17 1
2 30 18 1
2 30 19 1
2 30 20 1
2 30 21 1
2 30 22 1
2 30 23 1
2 30 24 1
2 30 25 1
2 30 26 1
2 30 27 1
2 30 28 1
2 30 29 1
2 30 30 1
2 30 31 1
2 30 32 1
2 30 33 1
2 30 34 1
2 30 35 1
2 30 36 1
2 30 37 1
2 30 38 1
2 30 39 1
4 16 16 1
4 16 17 1
4 16 18 1
4 16 19 1
4 16 20 1
4 16 21 1
4 16 22 1
4 16 23 1
4 16 24 1
4 16 25 1
4 16 26 1
4 16 27 1
4 16 28 1
4 16 29 1
4 17 16 1
4 17 17 1
4 17 18 1
4 17 19 1
4 17 20 1
4 17 21 1
4 17 22 1
4 17 23 1
4 17 24 1
4 17 25 1
4 17 26 1
4 17 27 1
4 17 28 1
4 17 29 1
4 18 16 1
4 18 17 1
4 18 18 1
4 18 19 1
4 18 20 1
4 18 21 1
4 18 22 1
4 18 23 1
4 18 24 1
4 18 25 1
4 18 26 1
4 18 27 1
4 18 28 1
4 18 29 1
4 19 16 1
4 19 17 1
4 19 18 1
4 19 19 1
4 19 20 1
4 19 21 1
4 19 22 1
4 19 23 1
4 19 24 1
4 19 25 1
4 19 26 1
4 19 27 1
4 19 28 1
4 19 29 1
4 20 16 1
4 20 17 1
4 20 18 1
4 20 19 1
4 20 20 1
4 20 21 1
4 20 22 1
4 20 23 1
4 20 24 1
4 20 25 1
4 20 26 1
4 20 27 1
4 20 28 1
4 20 29 1
4 21 16 1
4 21 17 1
4 21 18 1
4 21 19 1
4 21 20 1
4 21 21 1
4 21 22 1
4 21 23 1
4 21 24 1
4 21 25 1
4 21 26 1
4 21 27 1
4 21 28 1
4 21 29 1
4 22 16 1
4 22 17 1
4 22 18 1
4 22 19 1
4 22 20 1
4 22 21 1
4 22 22 1
4 22 23 1
4 22 24 1
4 22 25 1
4 22 26 1
4 22 27 1
4 22 28 1
4 22 29 1
4 23 16 1
4 23 17 1
4 23 18 1
4 23 19 1
4 23 20 1
4 23 21 1
4 23 22 1
4 23 23 1
4 23 24 1
4 23 25 1
4 23 26 1
4 23 27 1
4 23 28 1
4 23 29 1
4 24 16 1
4 24 17 1
4 24 18 1
4 24 19 1
4 24 20 1
4 24 21 1
4 24 22 1
4 24 23 1
4 24 24 1
4 24 25 1
4 24 26 1
4 24 27 1
4 24 28 1
4 24 29 1
4 25 16 1
4 25 17 1
4 25 18 1
4 25 19 1
4 25 20 1
4 25 21 1
4 25 22 1
4 25 23 1
4 25 24 1
4 25 25 1
4 25 26 1
4 25 27 1
4 25 28 1
4 25 29 1
4 26 16 1
4 26 17 1
4 26 18 1
4 26 19 1
4 26 20 1
4 26 21 1
4 26 22 1
4 26 23 1
4 26 24 1
4 26 25 1
4 26 26 1
4 26 27 1
4 26 28 1
4 26 29 1
4 27 16 1
4 27 17 1
4 27 18 1
4 27 19 1
4 27 20 1
4 27 21 1
4 27 22 1
4 27 23 1
4 27 24 1
4 27 25 1
4 27 26 1
4 27 27 1
4 27 28 1
4 27 29 1
4 28 16 1
4 28 17 1
4 28 18 1
4 28 19 1
4 28 20 1
4 28 21 1
4 28 22 1
4 28 23 1
4 28 24 1
4 28 25 1
4 28 26 1
4 28 27 1
4 28 28 1
4 28 29 1
4 29 16 1
4 29 17 1
4 29 18 1
4 29 19 1
4 29 20 1
4 29 21 1
4 29 22 1
4 29 23 1
4 29 24 1
4 29 25 1
4 29 26 1
4 29 27 1
4 29 28 1
4 29 29 1
0 2 20 35

