460 11
2 1 0 1
2 2 0 1
2 3 0 1
2 4 0 1
2 5 0 1
2 6 0 1
2 7 0 1
2 8 0 1
2 9 0 1
2 10 0 1
2 11 0 1
2 12 0 1
2 17 0 1
2 18 0 1
2 19 0 1
2 20 0 1
2 21 0 1
2 22 0 1
2 27 0 1
2 28 0 1
2 29 0 1
2 30 0 1
2 31 0 1
2 32 0 1
2 33 0 1
2 34 0 1
2 35 0 1
2 36 0 1
2 37 0 1
2 38 0 1
2 39 0 1
2 1 1 1
8 6 1 1
2 12 1 1
2 17 1 1
1 19 1 1
2 22 1 1
2 27 1 1
6 28 1 1
6 39 1 1
2 1 2 1
2 12 2 1
2 17 2 1
2 22 2 1
2 27 2 1
2 1 3 1
8 2 3 1
8 3 3 1
8 9 3 1
2 12 3 1
2 17 3 1
2 22 3 1
2 27 3 1
8 36 3 1
8 38 3 1
2 1 4 1
2 5 4 1
2 6 4 1
2 7 4 1
2 8 4 1
2 12 4 1
2 13 4 1
2 14 4 1
2 15 4 1
2 16 4 1
2 17 4 1
2 18 4 1
2 19 4 1
2 22 4 1
2 27 4 1
8 34 4 1
2 1 5 1
7 4 5 1
2 5 5 1
2 8 5 1
8 12 5 1
7 18 5 1
2 22 5 1
2 27 5 1
1 37 5 1
2 1 6 1
6 4 6 1
2 5 6 1
2 8 6 1
7 18 6 1
2 22 6 1
2 27 6 1
8 34 6 1
8 39 6 1
2 1 7 1
8 4 7 1
2 5 7 1
2 6 7 1
2 7 7 1
2 8 7 1
2 9 7 1
2 10 7 1
2 11 7 1
2 12 7 1
2 13 7 1
2 14 7 1
2 15 7 1
2 16 7 1
2 17 7 1
2 18 7 1
2 19 7 1
2 22 7 1
2 27 7 1
2 1 8 1
2 11 8 1
2 17 8 1
2 22 8 1
2 27 8 1
8 29 8 1
8 32 8 1
8 35 8 1
8 37 8 1
2 1 9 1
8 3 9 1
1 9 9 1
2 11 9 1
2 17 9 1
2 21 9 1
2 22 9 1
2 27 9 1
2 1 10 1
2 11 10 1
2 17 10 1
2 21 10 1
2 27 10 1
8 28 10 1
2 1 11 1
2 5 11 1
2 6 11 1
2 7 11 1
2 11 11 1
2 17 11 1
2 21 11 1
2 27 11 1
8 34 11 1
2 1 12 1
2 5 12 1
2 7 12 1
2 11 12 1
2 14 12 1
2 15 12 1
2 16 12 1
2 17 12 1
8 18 12 1
8 19 12 1
8 20 12 1
2 21 12 1
2 22 12 1
2 23 12 1
2 24 12 1
2 27 12 1
8 28 12 1
2 1 13 1
6 4 13 1
2 5 13 1
2 7 13 1
2 11 13 1
2 14 13 1
2 24 13 1
2 27 13 1
2 0 14 1
2 1 14 1
2 2 14 1
2 4 14 1
2 5 14 1
2 6 14 1
2 7 14 1
2 11 14 1
2 14 14 1
2 24 14 1
2 27 14 1
8 29 14 1
8 33 14 1
2 0 15 1
2 11 15 1
2 12 15 1
2 13 15 1
2 14 15 1
6 17 15 1
6 22 15 1
2 24 15 1
2 25 15 1
2 26 15 1
2 27 15 1
8 31 15 1
2 0 16 1
8 14 16 1
8 24 16 1
2 0 17 1
2 4 17 1
2 5 17 1
2 6 17 1
2 7 17 1
2 8 17 1
8 14 17 1
8 24 17 1
2 0 18 1
2 4 18 1
2 8 18 1
8 14 18 1
8 24 18 1
2 0 19 1
2 4 19 1
2 8 19 1
2 11 19 1
2 12 19 1
2 13 19 1
2 14 19 1
2 24 19 1
2 25 19 1
2 26 19 1
2 27 19 1
2 0 20 1
1 2 20 1
2 4 20 1
2 8 20 1
2 11 20 1
2 14 20 1
6 17 20 1
6 22 20 1
2 24 20 1
2 27 20 1
2 0 21 1
2 4 21 1
2 8 21 1
2 11 21 1
2 14 21 1
2 24 21 1
2 27 21 1
8 36 21 1
8 38 21 1
2 0 22 1
2 1 22 1
2 2 22 1
2 3 22 1
2 4 22 1
2 8 22 1
2 11 22 1
2 14 22 1
2 24 22 1
2 27 22 1
2 8 23 1
2 11 23 1
2 14 23 1
2 15 23 1
2 16 23 1
2 17 23 1
8 18 23 1
8 19 23 1
8 20 23 1
2 21 23 1
2 22 23 1
2 23 23 1
2 24 23 1
2 27 23 1
8 34 23 1
2 0 24 1
2 1 24 1
2 2 24 1
2 3 24 1
2 4 24 1
2 5 24 1
2 6 24 1
2 7 24 1
2 8 24 1
2 11 24 1
2 17 24 1
2 21 24 1
2 27 24 1
1 37 24 1
2 0 25 1
2 11 25 1
2 17 25 1
2 21 25 1
2 27 25 1
8 34 25 1
2 0 26 1
6 2 26 1
2 11 26 1
2 12 26 1
2 13 26 1
2 14 26 1
2 17 26 1
2 21 26 1
2 22 26 1
2 23 26 1
2 24 26 1
2 25 26 1
2 26 26 1
2 27 26 1
8 39 26 1
2 0 27 1
2 14 27 1
2 17 27 1
2 26 27 1
2 27 27 1
8 35 27 1
8 37 27 1
2 0 28 1
8 4 28 1
8 5 28 1
8 6 28 1
8 7 28 1
2 14 28 1
2 17 28 1
2 27 28 1
2 28 28 1
2 0 29 1
8 4 29 1
8 7 29 1
2 14 29 1
2 17 29 1
8 20 29 1
8 21 29 1
8 27 29 1
2 28 29 1
2 29 29 1
2 0 30 1
1 6 30 1
8 7 30 1
2 11 30 1
8 12 30 1
2 14 30 1
2 15 30 1
2 16 30 1
2 17 30 1
8 20 30 1
8 21 30 1
8 25 30 1
2 29 30 1
2 30 30 1
2 0 31 1
8 4 31 1
8 7 31 1
2 11 31 1
8 14 31 1
2 23 31 1
2 24 31 1
2 25 31 1
2 30 31 1
2 31 31 1
8 37 31 1
2 0 32 1
8 4 32 1
8 5 32 1
8 6 32 1
8 7 32 1
2 11 32 1
8 14 32 1
1 19 32 1
2 23 32 1
2 25 32 1
2 26 32 1
2 31 32 1
2 32 32 1
2 0 33 1
2 11 33 1
2 14 33 1
8 16 33 1
6 22 33 1
2 23 33 1
2 26 33 1
2 27 33 1
2 32 33 1
2 33 33 1
6 39 33 1
2 0 34 1
2 11 34 1
2 14 34 1
2 23 34 1
2 27 34 1
2 28 34 1
2 33 34 1
2 34 34 1
2 39 34 1
2 0 35 1
2 11 35 1
2 14 35 1
8 18 35 1
2 21 35 1
2 22 35 1
2 23 35 1
2 28 35 1
2 29 35 1
2 34 35 1
2 35 35 1
2 39 35 1
2 0 36 1
2 11 36 1
2 12 36 1
2 13 36 1
2 14 36 1
2 20 36 1
2 21 36 1
2 22 36 1
2 29 36 1
2 30 36 1
2 35 36 1
2 36 36 1
2 39 36 1
2 0 37 1
6 2 37 1
2 19 37 1
2 20 37 1
2 22 37 1
2 30 37 1
2 31 37 1
2 39 37 1
2 0 38 1
2 18 38 1
2 19 38 1
2 22 38 1
2 31 38 1
2 32 38 1
2 39 38 1
2 0 39 1
2 1 39 1
2 2 39 1
2 3 39 1
2 4 39 1
2 5 39 1
2 6 39 1
2 7 39 1
2 8 39 1
2 9 39 1
2 10 39 1
2 11 39 1
2 12 39 1
2 13 39 1
2 14 39 1
2 15 39 1
2 16 39 1
2 17 39 1
2 18 39 1
2 19 39 1
2 20 39 1
2 21 39 1
2 22 39 1
2 23 39 1
2 24 39 1
2 25 39 1
2 26 39 1
2 27 39 1
2 28 39 1
2 29 39 1
2 30 39 1
2 31 39 1
2 32 39 1
2 33 39 1
2 34 39 1
2 35 39 1
2 36 39 1
2 37 39 1
2 38 39 1
2 39 39 1
2 2 19 17 1