211 11
1 25 1 1
4 26 1 1
1 14 2 1
4 15 2 1
1 20 2 1
4 21 2 1
4 24 2 1
1 31 2 1
4 2 3 1
4 5 3 1
4 10 3 1
4 23 3 1
4 31 3 1
1 4 4 1
4 5 4 1
4 8 4 1
4 14 4 1
4 18 4 1
4 30 5 1
2 20 6 1
2 21 6 1
2 22 6 1
2 23 6 1
2 25 6 1
2 26 6 1
2 27 6 1
2 28 6 1
2 12 7 1
2 13 7 1
2 14 7 1
2 15 7 1
2 18 7 1
2 19 7 1
1 21 7 1
2 24 7 1
2 25 7 1
1 26 7 1
2 28 7 1
4 3 8 1
4 5 8 1
2 11 8 1
2 16 8 1
2 17 8 1
1 24 8 1
2 28 8 1
4 7 9 1
2 11 9 1
1 12 9 1
2 16 9 1
2 17 9 1
1 18 9 1
2 20 9 1
2 21 9 1
2 22 9 1
2 23 9 1
2 24 9 1
2 25 9 1
2 26 9 1
2 28 9 1
4 33 9 1
1 34 9 1
4 35 9 1
2 11 10 1
2 14 10 1
1 16 10 1
2 17 10 1
2 20 10 1
2 26 10 1
1 27 10 1
2 28 10 1
4 31 10 1
4 34 10 1
1 35 10 1
4 9 11 1
2 11 11 1
1 13 11 1
2 14 11 1
2 17 11 1
2 20 11 1
2 26 11 1
2 28 11 1
2 11 12 1
2 14 12 1
1 17 12 1
1 19 12 1
2 20 12 1
2 23 12 1
2 24 12 1
2 25 12 1
2 26 12 1
2 28 12 1
4 36 12 1
2 12 13 1
2 14 13 1
2 15 13 1
2 16 13 1
2 17 13 1
2 18 13 1
2 19 13 1
2 20 13 1
2 23 13 1
1 24 13 1
2 28 13 1
4 3 14 1
2 11 14 1
2 12 14 1
2 15 14 1
2 23 14 1
2 28 14 1
4 32 14 1
1 2 15 1
4 3 15 1
4 6 15 1
4 8 15 1
1 10 15 1
1 13 15 1
2 15 15 1
2 23 15 1
2 25 15 1
2 26 15 1
2 27 15 1
2 28 15 1
4 34 15 1
4 2 16 1
1 11 16 1
2 15 16 1
2 25 16 1
2 11 17 1
2 12 17 1
2 13 17 1
2 14 17 1
1 23 17 1
2 25 17 1
4 32 17 1
2 23 18 1
2 24 18 1
2 25 18 1
4 1 19 1
4 4 19 1
4 33 19 1
1 1 20 1
4 2 20 1
4 7 20 1
4 29 20 1
4 12 21 1
4 29 21 1
4 33 21 1
4 36 21 1
4 2 22 1
4 4 22 1
4 22 22 1
1 33 22 1
4 13 23 1
4 18 23 1
4 32 23 1
4 33 23 1
4 5 24 1
4 8 24 1
4 11 24 1
4 27 24 1
1 11 25 1
4 15 25 1
4 17 25 1
4 3 26 1
4 12 26 1
4 20 26 1
4 24 26 1
4 5 27 1
4 26 27 1
4 30 27 1
1 5 28 1
4 6 28 1
4 15 28 1
4 2 29 1
4 14 29 1
4 22 29 1
4 24 29 1
4 28 29 1
4 12 30 1
4 16 30 1
4 19 30 1
4 21 30 1
4 31 30 1
4 9 31 1
4 30 31 1
1 31 31 1
4 33 31 1
4 3 32 1
4 4 32 1
4 5 32 1
4 16 32 1
4 23 32 1
4 26 32 1
4 28 32 1
4 35 32 1
4 11 33 1
4 13 33 1
4 6 34 1
1 7 34 1
4 8 34 1
4 23 34 1
4 30 34 1
4 11 35 1
4 15 35 1
4 18 35 1
4 20 35 1
4 32 35 1
4 14 36 1
1 15 36 1
4 26 36 1
4 35 36 1
3 2 20 19 2
