382 11
2 5 30 1
2 5 31 1
2 5 32 1
2 5 33 1
2 5 34 1
2 5 35 1
2 5 36 1
2 5 37 1
2 5 38 1
2 5 39 1
2 6 30 1
2 6 31 1
2 6 32 1
2 6 33 1
2 6 34 1
2 6 35 1
2 6 36 1
2 6 37 1
2 6 38 1
2 6 39 1
2 7 30 1
2 7 31 1
2 7 32 1
2 7 33 1
2 7 34 1
2 7 35 1
2 7 36 1
2 7 37 1
2 7 38 1
2 7 39 1
8 0 30 1
8 1 30 1
8 2 30 1
8 3 30 1
8 4 30 1
2 5 0 1
2 5 1 1
2 5 2 1
2 5 3 1
2 5 4 1
2 5 5 1
2 5 6 1
2 5 7 1
2 5 8 1
2 5 9 1
2 5 10 1
2 6 0 1
2 6 1 1
2 6 2 1
2 6 3 1
2 6 4 1
2 6 5 1
2 6 6 1
2 6 7 1
2 6 8 1
2 6 9 1
2 6 10 1
2 7 0 1
2 7 1 1
2 7 2 1
2 7 3 1
2 7 4 1
2 7 5 1
2 7 6 1
2 7 7 1
2 7 8 1
2 7 9 1
2 7 10 1
8 5 11 1
8 5 12 1
8 5 13 1
8 5 14 1
8 5 15 1
8 5 16 1
8 5 17 1
8 5 18 1
8 5 19 1
8 5 20 1
8 5 21 1
8 5 22 1
8 5 23 1
8 5 24 1
8 5 25 1
8 5 26 1
8 5 27 1
8 5 28 1
8 5 29 1
8 6 11 1
8 6 12 1
8 6 13 1
8 6 14 1
8 6 15 1
8 6 16 1
8 6 17 1
8 6 18 1
8 6 19 1
8 6 20 1
8 6 21 1
8 6 22 1
8 6 23 1
8 6 24 1
8 6 25 1
8 6 26 1
8 6 27 1
8 6 28 1
8 6 29 1
8 7 11 1
8 7 12 1
8 7 13 1
8 7 14 1
8 7 15 1
8 7 16 1
8 7 17 1
8 7 18 1
8 7 19 1
8 7 20 1
8 7 21 1
8 7 22 1
8 7 23 1
8 7 24 1
8 7 25 1
8 7 26 1
8 7 27 1
8 7 28 1
8 7 29 1
8 0 10 1
8 1 10 1
8 2 10 1
8 3 10 1
8 4 10 1
7 0 20 1
7 4 11 1
7 4 29 1
2 8 10 1
2 8 30 1
2 9 10 1
2 9 30 1
2 10 10 1
2 10 30 1
2 11 10 1
2 11 30 1
2 12 10 1
2 12 30 1
2 13 10 1
2 13 30 1
2 14 10 1
2 14 30 1
2 15 10 1
2 15 30 1
2 16 10 1
2 16 30 1
2 17 10 1
2 17 30 1
2 18 10 1
2 18 30 1
8 15 15 1
8 12 28 1
8 18 19 1
8 15 20 1
8 11 21 1
8 14 22 1
8 18 21 1
8 12 22 1
8 11 27 1
8 11 18 1
8 16 24 1
8 13 26 1
8 16 12 1
8 13 27 1
8 14 18 1
8 15 12 1
8 14 27 1
8 17 25 1
8 14 12 1
8 12 25 1
8 18 18 1
8 12 19 1
8 15 25 1
8 16 23 1
8 16 22 1
8 16 16 1
8 13 25 1
8 18 12 1
8 12 24 1
8 17 26 1
8 15 13 1
8 14 28 1
8 18 22 1
8 16 20 1
8 17 19 1
8 12 27 1
8 17 16 1
8 14 13 1
8 18 14 1
8 18 15 1
8 10 17 1
8 16 14 1
8 14 26 1
8 10 12 1
8 13 23 1
8 17 14 1
8 11 19 1
8 15 22 1
8 16 29 1
8 10 14 1
8 11 12 1
8 13 12 1
8 16 19 1
8 18 27 1
8 10 29 1
8 15 27 1
8 10 25 1
8 16 11 1
8 14 29 1
8 17 27 1
7 8 11 1
7 8 12 1
7 8 13 1
7 8 14 1
7 8 15 1
7 8 16 1
7 8 17 1
7 8 18 1
7 8 19 1
7 8 20 1
7 8 21 1
7 8 22 1
7 8 23 1
7 8 24 1
7 8 25 1
7 8 26 1
7 8 27 1
7 8 28 1
7 8 29 1
7 9 11 1
7 9 12 1
7 9 13 1
7 9 14 1
7 9 15 1
7 9 16 1
7 9 17 1
7 9 18 1
7 9 19 1
7 9 20 1
7 9 21 1
7 9 22 1
7 9 23 1
7 9 24 1
7 9 25 1
7 9 26 1
7 9 27 1
7 9 28 1
7 9 29 1
2 19 10 1
2 19 11 1
2 19 12 1
2 19 14 1
2 19 15 1
2 19 16 1
2 19 17 1
2 19 20 1
2 19 21 1
2 19 24 1
2 19 25 1
2 19 27 1
2 19 28 1
2 19 30 1
8 27 28 1
8 25 20 1
8 22 21 1
8 24 5 1
8 33 35 1
8 34 15 1
8 23 24 1
8 21 14 1
8 24 7 1
8 33 6 1
8 28 21 1
8 30 18 1
8 30 5 1
8 33 24 1
8 35 22 1
8 26 13 1
8 23 34 1
8 26 26 1
8 22 34 1
8 28 33 1
8 23 18 1
8 34 30 1
8 30 6 1
8 30 17 1
8 28 28 1
8 23 6 1
8 33 33 1
8 27 24 1
8 35 14 1
8 26 19 1
8 34 18 1
8 29 20 1
8 21 25 1
8 27 16 1
8 27 10 1
8 34 28 1
8 25 31 1
8 26 30 1
8 25 21 1
8 35 31 1
8 31 32 1
8 21 5 1
8 35 33 1
8 20 9 1
8 27 34 1
8 29 34 1
8 20 7 1
8 32 5 1
8 29 13 1
8 25 34 1
8 27 31 1
8 33 26 1
8 28 12 1
8 33 13 1
8 27 30 1
8 26 27 1
8 29 19 1
8 35 26 1
8 31 33 1
8 24 13 1
7 21 21 1
7 29 18 1
7 34 35 1
7 35 11 1
7 24 29 1
7 35 17 1
7 27 17 1
7 32 21 1
7 33 27 1
7 32 13 1
7 30 12 1
7 28 20 1
7 22 13 1
7 24 32 1
7 28 5 1
7 25 15 1
7 32 23 1
7 32 8 1
7 21 28 1
7 34 10 1
7 23 7 1
7 28 11 1
7 32 18 1
7 25 18 1
7 30 31 1
7 21 32 1
7 23 14 1
7 33 12 1
7 30 33 1
7 23 19 1
7 33 14 1
7 27 7 1
7 24 25 1
7 34 26 1
7 21 7 1
7 27 26 1
7 29 14 1
7 26 33 1
7 30 25 1
7 20 14 1
7 30 16 1
7 31 28 1
7 32 29 1
7 21 20 1
7 20 23 1
1 35 28 1
1 28 8 1
1 26 24 1
1 22 11 1
1 21 34 1
1 29 8 1
1 34 32 1
1 28 22 1
1 21 19 1
1 26 6 1
0 2 2 37 4