368 11
7 22 1 1
7 21 2 1
7 23 2 1
7 24 2 1
8 22 3 1
7 25 3 1
8 23 4 1
8 25 4 1
8 18 5 1
8 25 5 1
8 26 5 1
8 27 5 1
8 28 5 1
8 29 5 1
8 30 5 1
8 31 5 1
8 32 5 1
8 33 5 1
8 34 5 1
8 35 5 1
8 36 5 1
8 37 5 1
8 38 5 1
8 39 5 1
7 22 6 1
8 24 6 1
8 25 6 1
8 26 6 1
8 27 6 1
8 28 6 1
8 29 6 1
8 30 6 1
8 31 6 1
8 32 6 1
8 33 6 1
8 34 6 1
8 35 6 1
8 36 6 1
8 37 6 1
8 38 6 1
8 39 6 1
8 17 7 1
8 24 7 1
8 18 8 1
8 20 8 1
8 22 8 1
8 24 8 1
1 27 8 1
1 29 8 1
7 21 9 1
8 23 9 1
8 24 9 1
1 33 9 1
2 13 10 1
1 19 10 1
8 24 10 1
8 25 10 1
8 26 10 1
8 28 10 1
1 30 10 1
2 12 11 1
2 14 11 1
2 15 11 1
8 17 11 1
8 18 11 1
8 22 11 1
8 23 11 1
8 25 11 1
8 31 11 1
8 32 11 1
8 35 11 1
2 12 12 1
8 15 12 1
8 16 12 1
1 18 12 1
8 20 12 1
8 25 12 1
8 28 12 1
8 30 12 1
1 33 12 1
2 11 13 1
2 15 13 1
8 17 13 1
8 19 13 1
1 22 13 1
8 24 13 1
8 25 13 1
8 30 13 1
8 36 13 1
2 11 14 1
2 15 14 1
8 17 14 1
8 19 14 1
8 25 14 1
1 26 14 1
1 33 14 1
2 10 15 1
2 11 15 1
2 14 15 1
2 15 15 1
8 17 15 1
8 18 15 1
1 21 15 1
8 23 15 1
8 25 15 1
8 29 15 1
8 34 15 1
2 9 16 1
2 12 16 1
2 14 16 1
2 15 16 1
8 17 16 1
8 20 16 1
8 25 16 1
2 26 16 1
8 27 16 1
8 30 16 1
1 32 16 1
2 8 17 1
2 12 17 1
2 14 17 1
2 15 17 1
2 25 17 1
2 27 17 1
8 28 17 1
8 31 17 1
8 33 17 1
2 6 18 1
2 7 18 1
2 15 18 1
8 17 18 1
8 18 18 1
2 24 18 1
1 30 18 1
1 32 18 1
1 33 18 1
2 5 19 1
7 10 19 1
1 13 19 1
8 14 19 1
2 15 19 1
8 19 19 1
8 22 19 1
2 23 19 1
2 4 20 1
2 15 20 1
8 19 20 1
2 22 20 1
1 34 20 1
2 3 21 1
7 4 21 1
2 6 21 1
2 7 21 1
2 8 21 1
2 9 21 1
2 10 21 1
2 11 21 1
8 13 21 1
2 15 21 1
8 17 21 1
8 18 21 1
2 23 21 1
1 36 21 1
2 2 22 1
2 11 22 1
2 15 22 1
2 24 22 1
2 25 22 1
2 26 22 1
2 27 22 1
2 28 22 1
2 29 22 1
2 30 22 1
2 31 22 1
2 32 22 1
2 33 22 1
2 34 22 1
2 35 22 1
2 36 22 1
2 37 22 1
2 38 22 1
2 39 22 1
2 1 23 1
7 2 23 1
2 5 23 1
2 9 23 1
2 10 23 1
7 12 23 1
2 14 23 1
8 30 23 1
2 0 24 1
2 4 24 1
2 6 24 1
2 9 24 1
2 13 24 1
8 31 24 1
2 33 24 1
2 3 25 1
2 9 25 1
2 12 25 1
8 27 25 1
8 30 25 1
2 33 25 1
1 34 25 1
1 35 25 1
1 36 25 1
2 2 26 1
2 9 26 1
2 11 26 1
8 25 26 1
8 29 26 1
2 33 26 1
2 1 27 1
2 9 27 1
2 11 27 1
8 28 27 1
2 1 28 1
2 9 28 1
2 11 28 1
8 27 28 1
8 29 28 1
1 31 28 1
2 32 28 1
1 33 28 1
1 0 29 1
2 1 29 1
2 9 29 1
2 12 29 1
2 13 29 1
2 31 29 1
1 32 29 1
2 33 29 1
2 1 30 1
2 8 30 1
1 10 30 1
7 13 30 1
2 14 30 1
8 27 30 1
1 31 30 1
1 33 30 1
2 1 31 1
2 7 31 1
7 9 31 1
2 10 31 1
2 11 31 1
8 12 31 1
2 15 31 1
2 28 31 1
2 29 31 1
2 30 31 1
2 31 31 1
2 33 31 1
2 2 32 1
2 6 32 1
2 12 32 1
8 13 32 1
7 15 32 1
2 16 32 1
2 28 32 1
1 33 32 1
2 3 33 1
2 6 33 1
1 8 33 1
7 10 33 1
2 13 33 1
8 14 33 1
2 17 33 1
2 22 33 1
2 23 33 1
2 24 33 1
2 25 33 1
2 26 33 1
2 27 33 1
2 28 33 1
8 30 33 1
8 31 33 1
1 32 33 1
2 33 33 1
1 1 34 1
2 4 34 1
2 7 34 1
2 10 34 1
8 13 34 1
2 14 34 1
8 15 34 1
2 18 34 1
2 21 34 1
7 22 34 1
8 25 34 1
8 27 34 1
8 28 34 1
4 29 34 1
2 32 34 1
2 33 34 1
2 5 35 1
2 8 35 1
2 9 35 1
2 11 35 1
8 13 35 1
8 14 35 1
2 15 35 1
8 16 35 1
2 19 35 1
2 20 35 1
7 23 35 1
1 26 35 1
8 28 35 1
8 32 35 1
5 33 35 1
2 34 35 1
2 35 35 1
2 36 35 1
2 37 35 1
2 38 35 1
2 39 35 1
2 0 36 1
2 1 36 1
2 2 36 1
2 3 36 1
2 6 36 1
2 8 36 1
2 12 36 1
8 13 36 1
8 14 36 1
8 15 36 1
2 16 36 1
8 17 36 1
1 22 36 1
2 23 36 1
2 24 36 1
2 25 36 1
8 30 36 1
8 31 36 1
8 33 36 1
7 36 36 1
2 3 37 1
2 7 37 1
2 13 37 1
2 14 37 1
2 15 37 1
2 16 37 1
2 17 37 1
8 19 37 1
8 21 37 1
2 22 37 1
2 26 37 1
8 27 37 1
1 28 37 1
8 32 37 1
7 34 37 1
1 1 38 1
2 9 38 1
2 11 38 1
8 16 38 1
2 19 38 1
2 21 38 1
2 27 38 1
8 28 38 1
7 35 38 1
2 3 39 1
2 10 39 1
8 14 39 1
2 18 39 1
2 20 39 1
2 28 39 1
8 29 39 1
8 33 39 1
7 34 39 1
2 2 38 38 1