140 11
2 13 0 1
2 23 0 1
2 13 1 1
2 23 1 1
2 13 2 1
2 23 2 1
2 13 3 1
2 23 3 1
2 13 4 1
2 23 4 1
2 13 5 1
2 23 5 1
2 13 6 1
2 23 6 1
2 13 7 1
2 23 7 1
2 13 8 1
7 15 8 1
7 18 8 1
7 21 8 1
2 23 8 1
2 13 9 1
8 16 9 1
8 22 9 1
2 23 9 1
2 13 10 1
7 20 10 1
2 23 10 1
2 12 11 1
7 16 11 1
8 18 11 1
2 24 11 1
2 6 12 1
2 7 12 1
2 8 12 1
2 9 12 1
2 10 12 1
2 11 12 1
2 25 12 1
2 26 12 1
2 27 12 1
2 28 12 1
2 29 12 1
2 30 12 1
2 31 12 1
2 6 13 1
2 31 13 1
2 6 14 1
1 11 14 1
1 12 14 1
8 15 14 1
1 23 14 1
2 31 14 1
2 6 15 1
1 14 15 1
7 17 15 1
2 31 15 1
2 6 16 1
1 8 16 1
7 20 16 1
1 25 16 1
2 31 16 1
2 6 17 1
1 11 17 1
7 13 17 1
2 20 17 1
8 23 17 1
2 31 17 1
2 6 18 1
8 18 18 1
1 24 18 1
1 25 18 1
2 31 18 1
2 6 19 1
1 13 19 1
1 21 19 1
2 31 19 1
2 6 20 1
1 15 20 1
2 20 20 1
1 23 20 1
2 31 20 1
2 6 21 1
1 10 21 1
1 19 21 1
2 20 21 1
1 25 21 1
2 31 21 1
2 6 22 1
1 13 22 1
2 20 22 1
2 31 22 1
2 6 23 1
1 18 23 1
2 20 23 1
1 21 23 1
2 31 23 1
2 6 24 1
1 10 24 1
1 15 24 1
2 20 24 1
2 31 24 1
2 6 25 1
2 20 25 1
2 31 25 1
2 6 26 1
1 21 26 1
2 31 26 1
2 6 27 1
1 17 27 1
2 20 27 1
2 31 27 1
2 6 28 1
2 31 28 1
2 6 29 1
2 7 29 1
2 8 29 1
2 9 29 1
2 10 29 1
2 11 29 1
2 12 29 1
2 13 29 1
2 14 29 1
2 15 29 1
2 16 29 1
2 17 29 1
2 18 29 1
2 19 29 1
2 20 29 1
2 21 29 1
2 22 29 1
2 23 29 1
2 24 29 1
2 25 29 1
2 26 29 1
2 27 29 1
2 28 29 1
2 29 29 1
2 30 29 1
2 31 29 1
1 2 18 1 2