185 11
2 25 0 1
2 24 1 1
2 23 2 1
2 22 3 1
2 21 4 1
2 20 5 1
2 19 6 1
2 18 7 1
2 17 8 1
2 16 9 1
2 15 10 1
2 14 11 1
2 15 11 1
2 16 11 1
2 17 11 1
2 18 11 1
2 19 11 1
2 20 11 1
2 21 11 1
2 22 11 1
2 23 11 1
2 24 11 1
2 25 11 1
2 26 11 1
2 27 11 1
2 28 11 1
2 14 12 1
1 15 12 1
2 16 12 1
1 17 12 1
2 18 12 1
1 19 12 1
2 20 12 1
1 21 12 1
2 22 12 1
1 23 12 1
2 24 12 1
1 25 12 1
2 26 12 1
1 27 12 1
2 28 12 1
2 5 13 1
2 27 13 1
2 28 13 1
2 5 14 1
2 14 14 1
2 15 14 1
1 16 14 1
2 17 14 1
1 18 14 1
2 19 14 1
1 20 14 1
2 21 14 1
1 22 14 1
2 23 14 1
1 24 14 1
2 25 14 1
1 27 14 1
2 28 14 1
2 5 15 1
2 14 15 1
2 15 15 1
2 16 15 1
2 17 15 1
2 18 15 1
2 19 15 1
2 20 15 1
2 21 15 1
2 22 15 1
2 23 15 1
2 24 15 1
2 25 15 1
2 27 15 1
2 28 15 1
2 5 16 1
2 24 16 1
1 25 16 1
1 27 16 1
2 28 16 1
2 5 17 1
2 24 17 1
2 25 17 1
2 27 17 1
2 28 17 1
2 5 18 1
5 10 18 100
2 24 18 1
1 25 18 1
1 27 18 1
2 28 18 1
2 5 19 1
2 24 19 1
2 25 19 1
2 27 19 1
2 28 19 1
2 5 20 1
2 24 20 1
1 25 20 1
1 27 20 1
2 28 20 1
2 5 21 1
2 24 21 1
2 25 21 1
2 27 21 1
2 28 21 1
2 5 22 1
2 24 22 1
1 25 22 1
1 27 22 1
2 28 22 1
2 5 23 1
2 14 23 1
2 15 23 1
2 16 23 1
2 17 23 1
2 18 23 1
2 19 23 1
2 20 23 1
2 21 23 1
2 22 23 1
2 23 23 1
2 24 23 1
2 25 23 1
2 27 23 1
2 28 23 1
2 5 24 1
2 14 24 1
1 15 24 1
2 16 24 1
1 17 24 1
2 18 24 1
1 19 24 1
2 20 24 1
1 21 24 1
2 22 24 1
1 23 24 1
2 24 24 1
2 25 24 1
1 27 24 1
2 28 24 1
2 5 25 1
2 27 25 1
2 28 25 1
2 14 26 1
1 15 26 1
2 16 26 1
1 17 26 1
2 18 26 1
1 19 26 1
2 20 26 1
1 21 26 1
2 22 26 1
1 23 26 1
2 24 26 1
1 25 26 1
2 26 26 1
1 27 26 1
2 28 26 1
2 14 27 1
2 15 27 1
2 16 27 1
2 17 27 1
2 18 27 1
2 19 27 1
2 20 27 1
2 21 27 1
2 22 27 1
2 23 27 1
2 24 27 1
2 25 27 1
2 26 27 1
2 27 27 1
2 28 27 1
2 15 28 1
2 16 29 1
2 17 30 1
2 18 31 1
2 19 32 1
2 20 33 1
2 21 34 1
2 22 35 1
2 23 36 1
2 24 37 1
2 25 38 1
2 26 39 1
3 2 8 18 2
