592 11
2 6 0 1
2 13 0 1
2 6 1 1
2 13 1 1
2 5 2 1
2 6 2 1
2 13 2 1
2 26 2 1
2 27 2 1
2 28 2 1
2 29 2 1
2 30 2 1
2 4 3 1
2 5 3 1
2 13 3 1
2 23 3 1
2 24 3 1
2 25 3 1
2 26 3 1
1 27 3 1
2 28 3 1
2 29 3 1
2 30 3 1
2 3 4 1
2 4 4 1
2 13 4 1
2 18 4 1
2 19 4 1
2 20 4 1
2 21 4 1
2 22 4 1
2 23 4 1
2 30 4 1
2 31 4 1
2 32 4 1
2 2 5 1
2 3 5 1
2 12 5 1
2 13 5 1
2 16 5 1
2 17 5 1
2 18 5 1
2 31 5 1
2 32 5 1
2 1 6 1
2 2 6 1
2 11 6 1
2 12 6 1
2 16 6 1
2 32 6 1
2 33 6 1
2 0 7 1
2 1 7 1
2 8 7 1
2 9 7 1
2 10 7 1
2 11 7 1
2 16 7 1
2 21 7 1
1 22 7 1
2 23 7 1
2 24 7 1
2 25 7 1
2 26 7 1
2 32 7 1
2 33 7 1
2 0 8 1
2 5 8 1
2 6 8 1
2 7 8 1
2 8 8 1
2 15 8 1
2 16 8 1
2 19 8 1
2 20 8 1
2 21 8 1
2 22 8 1
2 23 8 1
2 24 8 1
2 25 8 1
2 26 8 1
2 33 8 1
2 34 8 1
2 35 8 1
2 0 9 1
2 3 9 1
2 4 9 1
2 5 9 1
2 8 9 1
2 9 9 1
2 10 9 1
2 11 9 1
2 12 9 1
2 13 9 1
2 14 9 1
2 15 9 1
2 19 9 1
2 26 9 1
2 27 9 1
2 35 9 1
2 36 9 1
2 0 10 1
8 3 10 1
6 7 10 1
2 8 10 1
2 18 10 1
2 19 10 1
2 27 10 1
2 36 10 1
2 0 11 1
8 3 11 1
2 8 11 1
2 16 11 1
2 17 11 1
2 18 11 1
2 27 11 1
2 28 11 1
3 33 11 1
3 34 11 1
2 36 11 1
2 37 11 1
2 0 12 1
8 3 12 1
2 8 12 1
2 15 12 1
2 16 12 1
2 28 12 1
3 32 12 1
5 34 12 1
3 35 12 1
2 37 12 1
2 0 13 1
8 3 13 1
8 4 13 1
8 5 13 1
8 6 13 1
8 7 13 1
2 8 13 1
2 13 13 1
2 14 13 1
2 15 13 1
2 21 13 1
2 22 13 1
2 23 13 1
2 24 13 1
2 28 13 1
2 29 13 1
3 32 13 1
3 35 13 1
2 37 13 1
2 0 14 1
2 8 14 1
2 12 14 1
2 13 14 1
2 20 14 1
2 21 14 1
4 22 14 1
3 23 14 1
2 24 14 1
2 25 14 1
2 28 14 1
2 29 14 1
2 30 14 1
3 33 14 1
3 34 14 1
2 37 14 1
2 38 14 1
2 0 15 1
2 8 15 1
2 11 15 1
2 12 15 1
2 18 15 1
2 19 15 1
2 20 15 1
3 21 15 1
4 22 15 1
3 23 15 1
1 24 15 1
2 25 15 1
2 30 15 1
4 36 15 1
4 37 15 1
2 38 15 1
2 39 15 1
2 0 16 1
2 3 16 1
2 4 16 1
2 5 16 1
2 6 16 1
2 7 16 1
2 8 16 1
2 11 16 1
2 17 16 1
2 18 16 1
4 19 16 1
4 20 16 1
3 21 16 1
4 22 16 1
3 23 16 1
3 24 16 1
2 25 16 1
2 30 16 1
2 31 16 1
4 35 16 1
4 36 16 1
2 38 16 1
2 39 16 1
2 0 17 1
2 3 17 1
2 4 17 1
2 5 17 1
2 11 17 1
2 16 17 1
2 17 17 1
3 18 17 1
3 19 17 1
3 20 17 1
3 21 17 1
3 22 17 1
4 23 17 1
4 24 17 1
2 25 17 1
2 26 17 1
2 27 17 1
2 31 17 1
2 32 17 1
4 34 17 1
4 35 17 1
2 38 17 1
2 39 17 1
2 0 18 1
2 3 18 1
2 4 18 1
1 5 18 1
2 10 18 1
2 11 18 1
2 16 18 1
3 17 18 1
3 18 18 1
4 19 18 1
3 20 18 1
4 21 18 1
4 22 18 1
3 23 18 1
3 24 18 1
3 25 18 1
4 26 18 1
2 27 18 1
2 28 18 1
2 32 18 1
4 33 18 1
4 34 18 1
2 39 18 1
2 0 19 1
2 4 19 1
2 5 19 1
2 10 19 1
2 11 19 1
2 16 19 1
1 17 19 1
3 18 19 1
4 19 19 1
3 20 19 1
4 21 19 1
4 22 19 1
4 23 19 1
4 24 19 1
4 25 19 1
4 26 19 1
2 27 19 1
2 28 19 1
2 32 19 1
4 33 19 1
3 35 19 1
3 36 19 1
2 39 19 1
2 0 20 1
2 5 20 1
2 6 20 1
2 11 20 1
2 16 20 1
2 17 20 1
3 18 20 1
4 19 20 1
3 20 20 1
4 21 20 1
3 22 20 1
3 23 20 1
3 24 20 1
3 25 20 1
3 26 20 1
2 27 20 1
2 28 20 1
2 32 20 1
3 34 20 1
3 37 20 1
2 39 20 1
2 0 21 1
2 1 21 1
2 6 21 1
2 7 21 1
2 11 21 1
2 12 21 1
2 17 21 1
2 18 21 1
4 19 21 1
3 20 21 1
4 21 21 1
3 22 21 1
4 23 21 1
4 24 21 1
4 25 21 1
3 26 21 1
2 27 21 1
2 28 21 1
2 31 21 1
2 32 21 1
3 34 21 1
3 37 21 1
2 39 21 1
2 1 22 1
8 5 22 1
2 7 22 1
2 8 22 1
2 12 22 1
2 13 22 1
2 18 22 1
2 19 22 1
2 20 22 1
2 21 22 1
2 22 22 1
3 23 22 1
4 24 22 1
4 25 22 1
3 26 22 1
2 27 22 1
2 31 22 1
3 32 22 1
3 35 22 1
3 36 22 1
2 39 22 1
2 1 23 1
2 2 23 1
2 8 23 1
2 13 23 1
3 23 23 1
4 24 23 1
4 25 23 1
2 26 23 1
2 27 23 1
2 30 23 1
2 31 23 1
7 32 23 1
2 39 23 1
2 1 24 1
2 2 24 1
2 3 24 1
2 8 24 1
2 9 24 1
2 13 24 1
2 14 24 1
3 23 24 1
3 24 24 1
3 25 24 1
2 26 24 1
2 30 24 1
2 39 24 1
2 1 25 1
2 3 25 1
2 4 25 1
8 7 25 1
2 9 25 1
2 14 25 1
2 25 25 1
2 26 25 1
2 30 25 1
2 39 25 1
2 1 26 1
2 4 26 1
2 9 26 1
2 10 26 1
2 14 26 1
2 15 26 1
2 25 26 1
2 30 26 1
2 39 26 1
2 1 27 1
2 4 27 1
2 5 27 1
2 10 27 1
2 15 27 1
2 25 27 1
2 29 27 1
2 39 27 1
2 1 28 1
2 5 28 1
2 10 28 1
2 11 28 1
2 15 28 1
2 16 28 1
2 18 28 1
2 19 28 1
2 20 28 1
2 21 28 1
2 22 28 1
2 23 28 1
2 24 28 1
2 25 28 1
2 29 28 1
7 38 28 1
2 39 28 1
2 1 29 1
8 5 29 1
8 6 29 1
2 11 29 1
2 16 29 1
2 17 29 1
2 18 29 1
2 28 29 1
2 33 29 1
2 34 29 1
2 35 29 1
2 36 29 1
2 37 29 1
2 38 29 1
2 39 29 1
2 1 30 1
2 6 30 1
8 8 30 1
2 11 30 1
2 12 30 1
2 28 30 1
4 29 30 1
4 30 30 1
4 31 30 1
2 33 30 1
2 34 30 1
2 39 30 1
2 1 31 1
2 6 31 1
2 7 31 1
2 12 31 1
2 21 31 1
2 22 31 1
2 23 31 1
2 24 31 1
2 25 31 1
2 26 31 1
2 27 31 1
4 31 31 1
2 33 31 1
2 39 31 1
2 1 32 1
2 7 32 1
2 12 32 1
2 13 32 1
2 18 32 1
2 19 32 1
2 20 32 1
2 21 32 1
2 22 32 1
2 23 32 1
2 24 32 1
2 25 32 1
3 27 32 1
4 31 32 1
2 32 32 1
2 33 32 1
2 39 32 1
2 1 33 1
2 7 33 1
2 8 33 1
2 13 33 1
2 14 33 1
1 15 33 1
2 16 33 1
2 17 33 1
2 18 33 1
2 22 33 1
2 23 33 1
2 24 33 1
3 27 33 1
2 29 33 1
2 30 33 1
2 31 33 1
2 32 33 1
2 39 33 1
2 1 34 1
2 8 34 1
8 10 34 1
2 13 34 1
2 14 34 1
2 15 34 1
2 16 34 1
2 17 34 1
2 18 34 1
2 19 34 1
2 20 34 1
2 21 34 1
2 22 34 1
3 24 34 1
2 27 34 1
2 28 34 1
2 29 34 1
2 39 34 1
2 1 35 1
2 2 35 1
2 8 35 1
2 9 35 1
4 13 35 1
3 19 35 1
3 21 35 1
3 24 35 1
2 27 35 1
2 39 35 1
2 1 36 1
2 2 36 1
2 3 36 1
2 9 36 1
8 12 36 1
4 13 36 1
3 19 36 1
3 21 36 1
3 24 36 1
8 26 36 1
2 27 36 1
2 38 36 1
2 39 36 1
2 1 37 1
2 2 37 1
2 3 37 1
2 4 37 1
8 9 37 1
8 10 37 1
4 11 37 1
4 12 37 1
4 13 37 1
3 19 37 1
3 21 37 1
3 24 37 1
2 25 37 1
8 26 37 1
2 37 37 1
2 38 37 1
2 2 38 1
2 3 38 1
2 4 38 1
2 5 38 1
2 6 38 1
2 7 38 1
2 8 38 1
2 9 38 1
2 10 38 1
3 19 38 1
3 21 38 1
2 23 38 1
2 24 38 1
2 36 38 1
2 37 38 1
2 4 39 1
2 5 39 1
2 6 39 1
2 7 39 1
2 8 39 1
2 9 39 1
2 10 39 1
2 11 39 1
2 12 39 1
2 13 39 1
2 14 39 1
2 15 39 1
2 16 39 1
2 17 39 1
2 18 39 1
2 19 39 1
2 20 39 1
2 21 39 1
2 22 39 1
2 23 39 1
2 24 39 1
2 25 39 1
2 26 39 1
2 27 39 1
2 28 39 1
2 29 39 1
2 30 39 1
2 31 39 1
2 32 39 1
2 33 39 1
2 34 39 1
2 35 39 1
2 36 39 1
1 3 11 2 2