170 1
4 11 39 -10
4 21 22 -10
4 34 23 -10
4 32 22 -10
4 31 21 -10
4 24 32 -10
4 5 24 -10
4 35 21 -10
4 25 26 -10
4 9 26 -10
4 32 25 -10
4 7 21 -10
4 32 39 -10
4 9 37 -10
4 12 21 -10
4 8 26 -10
4 12 28 -10
4 29 30 -10
4 35 24 -10
4 26 25 -10
4 9 23 -10
4 21 29 -10
4 27 35 -10
4 5 35 -10
4 32 29 -10
4 28 33 -10
4 30 26 -10
4 9 32 -10
4 15 38 -10
4 16 23 -10
4 19 22 -10
4 18 25 -10
4 31 36 -10
4 20 21 -10
4 14 23 -10
4 12 30 -10
4 28 35 -10
4 7 34 -10
4 22 25 -10
4 17 23 -10
4 22 35 -10
4 5 28 -10
4 20 27 -10
4 7 36 -10
4 8 34 -10
4 22 32 -10
4 25 36 -10
4 14 26 -10
4 11 36 -10
4 9 30 -10
4 5 35 -10
4 21 29 -10
4 16 23 -10
4 13 32 -10
4 9 36 -10
4 23 22 -10
4 15 29 -10
4 29 38 -10
4 28 35 -10
4 19 30 -10
4 25 31 -10
4 13 26 -10
4 26 21 -10
4 9 37 -10
4 16 30 -10
4 17 23 -10
4 10 35 -10
4 16 29 -10
4 33 32 -10
4 5 21 -10
4 12 11 -10
4 11 6 -10
4 12 4 -10
4 22 9 -10
4 37 2 -10
4 7 7 -10
4 34 15 -10
4 25 6 -10
4 1 13 -10
4 38 17 -10
4 11 12 -10
4 10 11 -10
4 10 0 -10
4 26 3 -10
4 15 17 -10
4 4 15 -10
4 7 20 -10
4 24 4 -10
4 38 14 -10
4 11 19 -10
4 34 18 -10
4 7 14 -10
4 12 4 -10
4 38 14 -10
4 7 10 -10
4 11 16 -10
4 29 20 -10
4 30 16 -10
4 37 20 -10
4 12 8 -10
4 10 10 -10
4 2 14 -10
4 10 18 -10
4 9 3 -10
4 1 10 -10
4 7 8 -10
4 8 14 -10
4 38 8 -10
4 31 6 -10
4 26 5 -10
4 25 2 -10
4 14 10 -10
4 22 1 -10
4 10 8 -10
4 32 1 -10
4 16 19 -10
4 7 3 -10
4 34 20 -10
4 26 20 -10
2 33 25 1
2 2 20 1
2 32 29 1
2 12 15 1
2 38 3 1
2 11 29 1
2 29 1 1
2 22 33 1
2 21 11 1
2 12 22 1
2 4 13 1
2 30 22 1
2 37 23 1
2 24 16 1
2 20 39 1
2 25 12 1
2 28 4 1
2 5 1 1
2 16 11 1
2 23 3 1
2 1 33 1
2 21 39 1
2 22 6 1
2 16 4 1
2 17 28 1
2 15 18 1
2 23 1 1
2 14 3 1
2 11 39 1
2 4 10 1
2 28 25 1
2 33 6 1
2 26 1 1
2 1 14 1
2 34 26 1
2 16 36 1
2 7 36 1
2 15 25 1
2 25 2 1
2 1 26 1
2 7 12 1
2 18 6 1
2 0 31 1
2 24 12 1
2 15 14 1
2 30 28 1
2 38 10 1
2 7 8 1
2 6 23 1
2 9 38 1
1 20 20 1
3 2 30 20
