511 11
2 2 0 1
2 3 0 1
2 4 0 1
2 5 0 1
2 6 0 1
2 7 0 1
2 8 0 1
2 9 0 1
2 10 0 1
2 11 0 1
2 12 0 1
2 13 0 1
2 14 0 1
2 15 0 1
2 16 0 1
2 17 0 1
2 18 0 1
2 19 0 1
2 20 0 1
2 21 0 1
2 22 0 1
2 23 0 1
2 24 0 1
2 2 1 1
3 3 1 1
3 4 1 1
3 5 1 1
3 9 1 1
3 13 1 1
2 24 1 1
2 27 1 1
2 28 1 1
2 29 1 1
2 30 1 1
2 31 1 1
2 32 1 1
2 33 1 1
2 34 1 1
2 35 1 1
2 36 1 1
2 37 1 1
2 38 1 1
2 2 2 1
3 3 2 1
3 4 2 1
3 5 2 1
3 9 2 1
3 13 2 1
2 24 2 1
2 27 2 1
3 32 2 1
2 38 2 1
2 2 3 1
3 3 3 1
3 4 3 1
3 5 3 1
3 9 3 1
3 13 3 1
2 24 3 1
2 27 3 1
3 32 3 1
2 38 3 1
2 2 4 1
3 3 4 1
3 4 4 1
3 5 4 1
2 6 4 1
2 7 4 1
2 8 4 1
2 9 4 1
2 10 4 1
2 11 4 1
2 12 4 1
2 13 4 1
2 14 4 1
2 15 4 1
2 24 4 1
2 27 4 1
3 32 4 1
2 38 4 1
2 2 5 1
2 6 5 1
2 15 5 1
2 24 5 1
2 25 5 1
2 26 5 1
2 27 5 1
2 32 5 1
2 33 5 1
2 34 5 1
2 38 5 1
2 2 6 1
2 6 6 1
2 15 6 1
3 25 6 1
3 26 6 1
3 27 6 1
2 32 6 1
2 34 6 1
3 35 6 1
3 36 6 1
3 37 6 1
2 38 6 1
2 2 7 1
2 6 7 1
2 15 7 1
3 25 7 1
3 26 7 1
3 27 7 1
2 31 7 1
2 32 7 1
2 34 7 1
2 38 7 1
2 2 8 1
3 3 8 1
3 4 8 1
3 5 8 1
2 6 8 1
2 15 8 1
3 25 8 1
3 26 8 1
3 27 8 1
2 31 8 1
2 34 8 1
2 38 8 1
2 2 9 1
2 6 9 1
2 15 9 1
2 16 9 1
2 17 9 1
2 18 9 1
2 19 9 1
2 20 9 1
2 21 9 1
2 22 9 1
2 23 9 1
2 24 9 1
2 25 9 1
2 26 9 1
2 27 9 1
2 28 9 1
2 29 9 1
2 30 9 1
2 31 9 1
2 34 9 1
2 38 9 1
2 2 10 1
2 6 10 1
2 34 10 1
3 35 10 1
3 36 10 1
3 37 10 1
2 38 10 1
2 2 11 1
2 6 11 1
2 11 11 1
2 12 11 1
2 13 11 1
2 14 11 1
2 15 11 1
2 16 11 1
2 17 11 1
2 18 11 1
2 19 11 1
2 20 11 1
2 21 11 1
2 22 11 1
2 23 11 1
2 24 11 1
2 25 11 1
2 26 11 1
2 27 11 1
2 28 11 1
2 29 11 1
2 30 11 1
2 31 11 1
2 32 11 1
2 33 11 1
2 34 11 1
2 38 11 1
2 2 12 1
3 3 12 1
3 4 12 1
3 5 12 1
2 6 12 1
2 11 12 1
3 33 12 1
3 34 12 1
2 38 12 1
2 2 13 1
2 6 13 1
2 11 13 1
3 33 13 1
3 34 13 1
2 38 13 1
2 2 14 1
2 6 14 1
2 11 14 1
3 33 14 1
3 34 14 1
2 38 14 1
2 2 15 1
2 6 15 1
2 11 15 1
2 15 15 1
2 16 15 1
2 17 15 1
2 18 15 1
2 19 15 1
2 20 15 1
2 21 15 1
2 22 15 1
2 23 15 1
2 24 15 1
2 25 15 1
2 26 15 1
2 27 15 1
2 28 15 1
2 29 15 1
2 30 15 1
2 31 15 1
2 32 15 1
2 33 15 1
2 34 15 1
2 35 15 1
4 36 15 1
4 37 15 1
2 38 15 1
2 0 16 1
2 1 16 1
2 2 16 1
2 6 16 1
2 7 16 1
2 8 16 1
2 9 16 1
2 11 16 1
2 15 16 1
2 27 16 1
2 30 16 1
4 36 16 1
4 37 16 1
2 38 16 1
2 0 17 1
2 9 17 1
2 11 17 1
2 15 17 1
2 27 17 1
2 30 17 1
2 38 17 1
2 0 18 1
2 9 18 1
2 11 18 1
2 15 18 1
2 17 18 1
2 18 18 1
2 19 18 1
2 20 18 1
2 21 18 1
2 22 18 1
2 23 18 1
2 24 18 1
2 27 18 1
2 30 18 1
2 38 18 1
2 0 19 1
2 9 19 1
2 11 19 1
2 15 19 1
2 17 19 1
2 24 19 1
2 27 19 1
2 30 19 1
2 38 19 1
2 0 20 1
2 1 20 1
2 2 20 1
2 6 20 1
2 7 20 1
2 8 20 1
2 9 20 1
2 11 20 1
2 15 20 1
2 17 20 1
3 18 20 1
3 19 20 1
3 20 20 1
1 22 20 1
2 24 20 1
2 27 20 1
2 30 20 1
2 38 20 1
2 2 21 1
4 3 21 1
4 4 21 1
4 5 21 1
2 6 21 1
2 11 21 1
2 15 21 1
2 17 21 1
3 20 21 1
2 24 21 1
2 27 21 1
2 30 21 1
2 38 21 1
2 2 22 1
4 3 22 1
4 4 22 1
4 5 22 1
2 6 22 1
2 11 22 1
2 15 22 1
3 20 22 1
2 24 22 1
2 27 22 1
2 30 22 1
2 38 22 1
2 2 23 1
4 3 23 1
4 4 23 1
4 5 23 1
2 6 23 1
2 11 23 1
2 15 23 1
2 16 23 1
2 17 23 1
2 18 23 1
2 19 23 1
2 20 23 1
2 21 23 1
2 22 23 1
2 23 23 1
2 24 23 1
2 27 23 1
2 30 23 1
2 38 23 1
2 2 24 1
4 3 24 1
4 4 24 1
4 5 24 1
2 6 24 1
2 11 24 1
2 27 24 1
2 30 24 1
2 31 24 1
2 32 24 1
2 33 24 1
2 34 24 1
2 35 24 1
2 36 24 1
2 37 24 1
2 38 24 1
2 2 25 1
4 3 25 1
4 4 25 1
4 5 25 1
2 6 25 1
2 11 25 1
2 27 25 1
2 2 26 1
4 3 26 1
4 4 26 1
4 5 26 1
2 6 26 1
2 11 26 1
2 12 26 1
2 13 26 1
2 14 26 1
2 15 26 1
2 16 26 1
2 17 26 1
2 18 26 1
2 19 26 1
2 20 26 1
2 21 26 1
2 22 26 1
2 23 26 1
2 24 26 1
2 25 26 1
2 26 26 1
2 27 26 1
2 0 27 1
2 1 27 1
2 2 27 1
2 6 27 1
2 7 27 1
2 8 27 1
2 9 27 1
2 10 27 1
2 29 27 1
2 30 27 1
2 31 27 1
2 32 27 1
2 33 27 1
2 34 27 1
2 35 27 1
2 36 27 1
2 37 27 1
2 38 27 1
2 39 27 1
2 0 28 1
2 10 28 1
2 29 28 1
2 39 28 1
2 0 29 1
2 10 29 1
2 11 29 1
2 12 29 1
2 13 29 1
2 14 29 1
2 15 29 1
2 16 29 1
2 17 29 1
2 18 29 1
2 19 29 1
2 20 29 1
2 21 29 1
2 22 29 1
2 23 29 1
2 24 29 1
2 25 29 1
2 26 29 1
2 27 29 1
2 28 29 1
2 29 29 1
2 39 29 1
2 0 30 1
3 12 30 1
3 15 30 1
3 18 30 1
3 22 30 1
3 27 30 1
2 39 30 1
2 0 31 1
3 12 31 1
3 15 31 1
3 18 31 1
3 22 31 1
3 27 31 1
2 39 31 1
2 0 32 1
3 12 32 1
3 15 32 1
3 18 32 1
3 22 32 1
3 27 32 1
2 39 32 1
2 0 33 1
2 10 33 1
2 11 33 1
2 12 33 1
2 13 33 1
2 14 33 1
2 15 33 1
2 16 33 1
2 17 33 1
2 18 33 1
2 19 33 1
2 20 33 1
2 21 33 1
2 22 33 1
2 23 33 1
2 24 33 1
2 25 33 1
2 26 33 1
2 27 33 1
2 28 33 1
2 29 33 1
6 33 33 1
2 39 33 1
2 0 34 1
2 10 34 1
2 29 34 1
2 39 34 1
2 0 35 1
2 10 35 1
2 29 35 1
2 39 35 1
2 0 36 1
2 10 36 1
2 29 36 1
2 39 36 1
2 0 37 1
2 10 37 1
2 29 37 1
2 39 37 1
2 0 38 1
2 10 38 1
2 29 38 1
2 39 38 1
2 0 39 1
2 1 39 1
2 2 39 1
2 3 39 1
2 4 39 1
2 5 39 1
2 6 39 1
2 7 39 1
2 8 39 1
2 9 39 1
2 10 39 1
2 29 39 1
2 30 39 1
2 31 39 1
2 32 39 1
2 33 39 1
2 34 39 1
2 35 39 1
2 36 39 1
2 37 39 1
2 38 39 1
2 39 39 1
0 5 37 30 4